1.318943350202713E-5
1.3308854089903926E-5
1.342923483733459E-5
1.3550582248115028E-5
1.3672902858569241E-5
1.3796203237606386E-5
1.3920489986776917E-5
1.4045769740327693E-5
1.4172049165256221E-5
1.4299334961363762E-5
1.4427633861307495E-5
1.455695263065173E-5
1.4687298067917945E-5
1.4818677004633893E-5
1.4951096305381628E-5
1.5084562867844417E-5
1.5219083622852659E-5
1.53546655344286E-5
1.549131559983005E-5
1.5629040849592933E-5
1.5767848347572722E-5
1.5907745190984686E-5
1.6048738510443082E-5
1.6190835469999084E-5
1.63340432671776E-5
1.6478369133012887E-5
1.662382033208289E-5
1.677040416254248E-5
1.6918127956155413E-5
1.706699907832502E-5
1.7217024928123704E-5
1.7368212938321087E-5
1.7520570575410983E-5
1.767410533963701E-5
1.7828824765016922E-5
1.7984736419365574E-5
1.814184790431671E-5
1.8300166855343193E-5
1.8459700941776007E-5
1.8620457866821946E-5
1.8782445367579812E-5
1.894567121505521E-5
1.9110143214174045E-5
1.927586920379455E-5
1.9442857056717793E-5
1.9611114679696883E-5
1.9780650013444685E-5
1.9951471032639948E-5
2.0123585745932037E-5
2.0297002195944255E-5
2.0471728459275456E-5
2.0647772646500295E-5
2.0825142902167877E-5
2.1003847404798874E-5
2.1183894366881034E-5
2.1365292034863176E-5
2.1548048689147574E-5
2.1732172644080724E-5
2.191767224794252E-5
2.2104555882933726E-5
2.2292831965161947E-5
2.2482508944625816E-5
2.2673595305197537E-5
2.2866099564603806E-5
2.3060030274405E-5
2.3255396019972607E-5
2.3452205420465037E-5
2.3650467128801585E-5
2.3850189831634753E-5
2.4051382249320728E-5
2.4254053135888127E-5
2.4458211279004913E-5
2.46638654999436E-5
2.4871024653544522E-5
2.507969762817735E-5
2.528989334570076E-5
2.5501620761420208E-5
2.5714888864043934E-5
2.59297066756369E-5
2.6146083251573048E-5
2.6364027680485505E-5
2.6583549084214934E-5
2.6804656617755905E-5
2.702735946920133E-5
2.7251666859684996E-5
2.747758804332204E-5
2.7705132307147477E-5
2.793430897105273E-5
2.816512738772015E-5
2.8397596942555478E-5
2.863172705361829E-5
2.88675271715504E-5
2.9105006779502185E-5
2.934417539305685E-5
2.9585042560152497E-5
2.9827617861002295E-5
3.007191090801232E-5
3.0317931345697403E-5
3.056568885059476E-5
3.081519313117549E-5
3.106645392775395E-5
3.131948101239486E-5
3.157428418881824E-5
3.183087329230222E-5
3.2089258189583534E-5
3.234944877875575E-5
3.261145498916547E-5
3.2875286781305916E-5
3.3140954146708635E-5
3.340846710783263E-5
3.367783571795132E-5
3.394907006103714E-5
3.422218025164397E-5
3.449717643478692E-5
3.4774068785820135E-5
3.505286751031201E-5
3.533358284391803E-5
3.561622505225139E-5
3.59008044307511E-5
3.6187331304547664E-5
3.6475816028326426E-5
3.6766268986188466E-5
3.705870059150898E-5
3.735312128679329E-5
3.764954154353038E-5
3.794797186204392E-5
3.824842277134081E-5
3.855090482895724E-5
3.8855428620802276E-5
3.9162004760998814E-5
3.947064389172207E-5
3.978135668303557E-5
4.0094153832724526E-5
4.040904606612661E-5
4.0726044135960257E-5
4.104515882215025E-5
4.136640093165083E-5
4.16897812982661E-5
4.2015310782467825E-5
4.2343000271210704E-5
4.267286067774481E-5
4.3004902941425524E-5
4.3339138027520816E-5
4.367557692701569E-5
4.4014230656414144E-5
4.4355110257538307E-5
4.4698226797324896E-5
4.5043591367619006E-5
4.5391215084965124E-5
4.574110909039543E-5
4.609328454921537E-5
4.644775265078644E-5
4.6804524608306226E-5
4.7163611658585694E-5
4.752502506182366E-5
4.7888776101378496E-5
4.825487608353707E-5
4.8623336337280745E-5
4.899416821404876E-5
4.936738308749862E-5
4.974299235326374E-5
5.012100742870819E-5
5.050143975267866E-5
5.088430078525352E-5
5.1269602007489E-5
5.1657354921162505E-5
5.204757104851313E-5
5.244026193197914E-5
5.2835439133932625E-5
5.323311423641128E-5
5.363329884084729E-5
5.4036004567793134E-5
5.444124305664461E-5
5.484902596536099E-5
5.525936497018203E-5
5.5672271765342115E-5
5.608775806278157E-5
5.6505835591854886E-5
5.6926516099035954E-5
5.734981134762038E-5
5.777573311742492E-5
5.8204293204483744E-5
5.863550342074175E-5
5.906937559374504E-5
5.950592156632824E-5
5.99451531962988E-5
6.038708235611843E-5
6.0831720932581334E-5
6.127908082648957E-5
6.172917395232537E-5
6.218201223792027E-5
6.263760762412139E-5
6.309597206445464E-5
6.355711752478481E-5
6.402105598297268E-5
6.448779942852901E-5
6.495735986226552E-5
6.542974929594288E-5
6.590497975191553E-5
6.63830632627734E-5
6.686401187098084E-5
6.734783762851202E-5
6.783455259648374E-5
6.832416884478485E-5
6.881669845170268E-5
6.931215350354645E-5
6.981054609426747E-5
7.031188832507649E-5
7.08161923040576E-5
7.132347014577947E-5
7.183373397090324E-5
7.234699590578728E-5
7.286326808208906E-5
7.338256263636386E-5
7.390489170966038E-5
7.443026744711306E-5
7.495870199753181E-5
7.549020751298813E-5
7.602479614839846E-5
7.656248006110426E-5
7.710327141044926E-5
7.764718235735335E-5
7.819422506388341E-5
7.87444116928213E-5
7.929775440722862E-5
7.985426537000826E-5
8.041395674346313E-5
8.097684068885161E-5
8.154292936594012E-5
8.211223493255235E-5
8.268476954411576E-5
8.326054535320481E-5
8.383957450908108E-5
8.442186915723056E-5
8.500744143889766E-5
8.559630349061634E-5
8.618846744373812E-5
8.678394542395699E-5
8.738274955083153E-5
8.798489193730365E-5
8.859038468921465E-5
8.919923990481795E-5
8.981146967428911E-5
9.042708607923266E-5
9.104610119218593E-5
9.166852707611987E-5
9.229437578393725E-5
9.292365935796706E-5
9.355638982945701E-5
9.41925792180621E-5
9.483223953133075E-5
9.547538276418798E-5
9.612202089841543E-5
9.677216590212856E-5
9.74258297292509E-5
9.808302431898558E-5
9.874376159528354E-5
9.940805346630912E-5
1.0007591182390285E-4
1.0074734854304117E-4
1.0142237548129325E-4
1.0210100447827516E-4
1.027832473551011E-4
1.0346911591383164E-4
1.0415862193691919E-4
1.0485177718665114E-4
1.055485934045892E-4
1.0624908231100707E-4
1.0695325560432443E-4
1.076611249605386E-4
1.0837270203265347E-4
1.0908799845010553E-4
1.0980702581818715E-4
1.1052979571746732E-4
1.1125631970320951E-4
1.1198660930478699E-4
1.127206760250953E-4
1.134585313399622E-4
1.1420018669755508E-4
1.1494565351778529E-4
1.1569494319171045E-4
1.1644806708093367E-4
1.1720503651700042E-4
1.1796586280079294E-4
1.1873055720192172E-4
1.1949913095811481E-4
1.2027159527460442E-4
1.2104796132351109E-4
1.218282402432253E-4
1.2261244313778672E-4
1.2340058107626102E-4
1.2419266509211403E-4
1.2498870618258352E-4
1.257887153080492E-4
1.265927033913993E-4
1.2740068131739557E-4
1.2821265993203572E-4
1.2902865004191352E-4
1.2984866241357658E-4
1.3067270777288164E-4
1.315007968043485E-4
1.323329401505103E-4
1.3316914841126278E-4
1.3400943214321077E-4
1.3485380185901275E-4
1.3570226802672288E-4
1.3655484106913154E-4
1.3741153136310303E-4
1.3827234923891184E-4
1.391373049795763E-4
1.4000640882019065E-4
1.4087967094725495E-4
1.4175710149800266E-4
1.426387105597269E-4
1.43524508169104E-4
1.4441450431151604E-4
1.4530870892037062E-4
1.4620713187641927E-4
1.4710978300707382E-4
1.480166720857211E-4
1.489278088310358E-4
1.4984320290629155E-4
1.5076286391867006E-4
1.5168680141856885E-4
1.5261502489890728E-4
1.535475437944307E-4
1.5448436748101316E-4
1.5542550527495834E-4
1.5637096643229925E-4
1.5732076014809588E-4
1.582748955557318E-4
1.5923338172620904E-4
1.6019622766744155E-4
1.6116344232354712E-4
1.621350345741383E-4
1.6311101323361127E-4
1.6409138705043415E-4
1.650761647064334E-4
1.6606535481607918E-4
1.6705896592576964E-4
1.6805700651311345E-4
1.6905948498621183E-4
1.7006640968293896E-4
1.710777888702214E-4
1.720936307433165E-4
1.731139434250895E-4
1.741387349652902E-4
1.7516801333982776E-4
1.7620178645004535E-4
1.7724006212199353E-4
1.782828481057025E-4
1.7933015207445425E-4
1.8038198162405292E-4
1.8143834427209517E-4
1.824992474572394E-4
1.8356469853847437E-4
1.8463470479438717E-4
1.857092734224304E-4
1.8678841153818899E-4
1.8787212617464618E-4
1.8896042428144917E-4
1.9005331272417441E-4
1.9115079828359177E-4
1.9225288765492918E-4
1.9335958744713612E-4
1.944709041821474E-4
1.9558684429414602E-4
1.9670741412882643E-4
1.9783261994265686E-4
1.9896246790214198E-4
2.000969640830851E-4
2.012361144698505E-4
2.0237992495462546E-4
2.0352840133668247E-4
2.0468154932164109E-4
2.0583937452073038E-4
2.0700188245005094E-4
2.0816907852983736E-4
2.093409680837206E-4
2.1051755633799086E-4
2.1169884842086047E-4
2.128848493617271E-4
2.1407556409043749E-4
2.152709974365513E-4
2.164711541286055E-4
2.1767603879337922E-4
2.188856559551591E-4
2.2010001003500515E-4
2.213191053500171E-4
2.2254294611260167E-4
2.2377153642974025E-4
2.2500488030225717E-4
2.2624298162408947E-4
2.2748584418155618E-4
2.2873347165262983E-4
2.2998586760620792E-4
2.312430355013856E-4
2.3250497868672953E-4
2.337717003995524E-4
2.350432037651887E-4
2.363194917962718E-4
2.3760056739201196E-4
2.388864333374752E-4
2.401770923028643E-4
2.4147254684280035E-4
2.427727993956059E-4
2.4407785228258952E-4
2.453877077073317E-4
2.467023677549725E-4
2.4802183439150003E-4
2.4934610946304167E-4
2.506751946951557E-4
2.520090916921253E-4
2.533478019362541E-4
2.546913267871637E-4
2.560396674810924E-4
2.573928251301964E-4
2.587508007218526E-4
2.601135951179638E-4
2.614812090542647E-4
2.628536431396319E-4
2.642308978553941E-4
2.6561297355464513E-4
2.669998704615601E-4
2.6839158867071226E-4
2.697881281463931E-4
2.711894887219344E-4
2.7259567009903327E-4
2.740066718470787E-4
2.7542249340248135E-4
2.768431340680054E-4
2.7826859301210353E-4
2.7969886926825405E-4
2.8113396173430063E-4
2.825738691717954E-4
2.8401859020534437E-4
2.8546812332195544E-4
2.8692246687039006E-4
2.8838161906051714E-4
2.8984557796267E-4
2.9131434150700717E-4
2.92787907482875E-4
2.9426627353817427E-4
2.9574943717872995E-4
2.9723739576766387E-4
2.9873014652477087E-4
3.0022768652589795E-4
3.017300127023276E-4
3.032371218401639E-4
3.0474901057972193E-4
3.062656754149215E-4
3.07787112692684E-4
3.093133186123325E-4
3.108442892249964E-4
3.123800204330193E-4
3.1392050798937076E-4
3.1546574749706177E-4
3.1701573440856415E-4
3.185704640252343E-4
3.201299314967405E-4
3.216941318204944E-4
3.232630598410862E-4
3.248367102497249E-4
3.264150775836823E-4
3.2799815622574027E-4
3.2958594040364447E-4
3.3117842418956E-4
3.3277560149953345E-4
3.3437746609295786E-4
3.359840115720436E-4
3.375952313812927E-4
3.3921111880697783E-4
3.408316669766273E-4
3.4245686885851236E-4
3.4408671726114193E-4
3.4572120483275965E-4
3.4736032406084804E-4
3.4900406727163567E-4
3.506524266296107E-4
3.523053941370382E-4
3.539629616334836E-4
3.5562512079534073E-4
3.572918631353649E-4
3.589631800022115E-4
3.6063906257997956E-4
3.6231950188776084E-4
3.640044887791944E-4
3.656940139420256E-4
3.6738806789767236E-4
3.69086641000795E-4
3.70789723438873E-4
3.7249730523178647E-4
3.7420937623140364E-4
3.7592592612117464E-4
3.776469444157294E-4
3.7937242046048343E-4
3.8110234343124733E-4
3.8283670233384403E-4
3.845754860037306E-4
3.863186831056268E-4
3.8806628213314964E-4
3.8981827140845317E-4
3.915746390818758E-4
3.9333537313159244E-4
3.951004613632736E-4
3.968698914097509E-4
3.9864365073068804E-4
4.004217266122588E-4
4.022041061668315E-4
4.0399077633265963E-4
4.05781723873579E-4
4.0757693537871116E-4
4.0937639726217414E-4
4.111800957627993E-4
4.1298801694385456E-4
4.148001466927751E-4
4.166164707209005E-4
4.18436974563218E-4
4.2026164357811377E-4
4.2209046294713063E-4
4.239234176747318E-4
4.2576049258807343E-4
4.276016723367825E-4
4.294469413927421E-4
4.3129628404988535E-4
4.331496844239939E-4
4.3500712645250564E-4
4.368685938943291E-4
4.387340703296645E-4
4.4060353915983274E-4
4.4247698360711196E-4
4.4435438671458065E-4
4.4623573134596893E-4
4.481210001855168E-4
4.500101757378405E-4
4.5190324032780575E-4
4.5380017610040886E-4
4.557009650206659E-4
4.576055888735086E-4
4.5951402926368875E-4
4.614262676156901E-4
4.6334228517364793E-4
4.6526206300127643E-4
4.6718558198180417E-4
4.6911282281791725E-4
4.710437660317104E-4
4.729783919646458E-4
4.7491668077752076E-4
4.768586124504423E-4
4.788041667828105E-4
4.8075332339330936E-4
4.8270606171990724E-4
4.846623610198632E-4
4.866222003697433E-4
4.885855586654447E-4
4.905524146222275E-4
4.925227467747557E-4
4.944965334771455E-4
4.964737529030232E-4
4.9845438304559E-4
5.004384017176967E-4
5.024257865519257E-4
5.04416515000682E-4
5.064105643362929E-4
5.08407911651115E-4
5.104085338576523E-4
5.124124076886799E-4
5.144195096973781E-4
5.164298162574751E-4
5.184433035633976E-4
5.204599476304305E-4
5.224797242948859E-4
5.24502609214279E-4
5.265285778675156E-4
5.285576055550856E-4
5.305896673992672E-4
5.326247383443386E-4
5.346627931568E-4
5.36703806425603E-4
5.387477525623905E-4
5.407946058017432E-4
5.428443402014381E-4
5.448969296427132E-4
5.469523478305427E-4
5.490105682939206E-4
5.510715643861539E-4
5.531353092851645E-4
5.552017759937998E-4
5.572709373401527E-4
5.593427659778909E-4
5.614172343865955E-4
5.634943148721073E-4
5.655739795668844E-4
5.676562004303671E-4
5.697409492493528E-4
5.718281976383804E-4
5.73917917040123E-4
5.760100787257902E-4
5.781046537955402E-4
5.802016131789006E-4
5.823009276351974E-4
5.844025677539958E-4
5.86506503955548E-4
5.886127064912507E-4
5.90721145444113E-4
5.928317907292326E-4
5.949446120942809E-4
5.970595791199985E-4
5.991766612206997E-4
6.012958276447857E-4
6.034170474752675E-4
6.055402896302988E-4
6.076655228637166E-4
6.097927157655928E-4
6.119218367627945E-4
6.140528541195532E-4
6.161857359380437E-4
6.183204501589726E-4
6.20456964562176E-4
6.225952467672261E-4
6.247352642340478E-4
6.26876984263544E-4
6.290203739982307E-4
6.311654004228811E-4
6.333120303651798E-4
6.35460230496385E-4
6.376099673320011E-4
6.397612072324602E-4
6.419139164038135E-4
6.440680608984304E-4
6.46223606615709E-4
6.483805193027945E-4
6.505387645553073E-4
6.526983078180802E-4
6.548591143859058E-4
6.570211494042908E-4
6.59184377870223E-4
6.613487646329444E-4
6.635142743947348E-4
6.656808717117056E-4
6.678485209946009E-4
6.700171865096087E-4
6.721868323791821E-4
6.74357422582868E-4
6.765289209581457E-4
6.787012912012754E-4
6.808744968681548E-4
6.830485013751849E-4
6.852232680001452E-4
6.873987598830781E-4
6.895749400271813E-4
6.917517712997115E-4
6.939292164328939E-4
6.961072380248432E-4
6.982857985404929E-4
7.004648603125332E-4
7.026443855423576E-4
7.048243363010195E-4
7.070046745301961E-4
7.091853620431629E-4
7.113663605257751E-4
7.135476315374597E-4
7.157291365122149E-4
7.179108367596187E-4
7.200926934658467E-4
7.222746676946978E-4
7.244567203886293E-4
7.266388123697998E-4
7.288209043411214E-4
7.310029568873199E-4
7.331849304760045E-4
7.35366785458744E-4
7.375484820721544E-4
7.397299804389918E-4
7.419112405692561E-4
7.440922223613019E-4
7.462728856029578E-4
7.484531899726544E-4
7.506330950405602E-4
7.528125602697254E-4
7.549915450172352E-4
7.571700085353696E-4
7.593479099727722E-4
7.615252083756267E-4
7.637018626888423E-4
7.658778317572452E-4
7.680530743267803E-4
7.702275490457192E-4
7.724012144658764E-4
7.745740290438338E-4
7.767459511421724E-4
7.78916939030712E-4
7.810869508877582E-4
7.832559448013581E-4
7.854238787705617E-4
7.875907107066929E-4
7.897563984346262E-4
7.919208996940723E-4
7.940841721408702E-4
7.962461733482865E-4
7.984068608083228E-4
8.005661919330301E-4
8.02724124055829E-4
8.048806144328396E-4
8.070356202442161E-4
8.091890985954898E-4
8.113410065189187E-4
8.134913009748436E-4
8.156399388530519E-4
8.177868769741474E-4
8.199320720909272E-4
8.220754808897655E-4
8.242170599920037E-4
8.263567659553473E-4
8.284945552752688E-4
8.30630384386418E-4
8.327642096640378E-4
8.348959874253866E-4
8.370256739311678E-4
8.391532253869642E-4
8.41278597944679E-4
8.434017477039834E-4
8.455226307137699E-4
8.476412029736114E-4
8.497574204352267E-4
8.518712390039504E-4
8.539826145402115E-4
8.560915028610139E-4
8.581978597414258E-4
8.603016409160733E-4
8.624028020806386E-4
8.64501298893366E-4
8.66597086976571E-4
8.686901219181558E-4
8.707803592731297E-4
8.728677545651357E-4
8.749522632879797E-4
8.770338409071676E-4
8.79112442861446E-4
8.811880245643472E-4
8.832605414057399E-4
8.853299487533849E-4
8.873962019544942E-4
8.894592563372963E-4
8.915190672126041E-4
8.935755898753892E-4
8.956287796063595E-4
8.976785916735413E-4
8.997249813338645E-4
9.017679038347551E-4
9.038073144157279E-4
9.058431683099856E-4
9.078754207460214E-4
9.099040269492247E-4
9.119289421434915E-4
9.139501215528377E-4
9.159675204030165E-4
9.179810939231392E-4
9.199907973472992E-4
9.219965859161991E-4
9.239984148787829E-4
9.259962394938682E-4
9.279900150317844E-4
9.299796967760126E-4
9.319652400248284E-4
9.339466000929484E-4
9.359237323131782E-4
9.378965920380639E-4
9.39865134641547E-4
9.418293155206195E-4
9.437890900969846E-4
9.457444138187159E-4
9.476952421619234E-4
9.496415306324171E-4
9.515832347673767E-4
9.535203101370206E-4
9.554527123462774E-4
9.573803970364608E-4
9.593033198869436E-4
9.612214366168364E-4
9.63134702986665E-4
9.650430748000514E-4
9.669465079053947E-4
9.688449581975551E-4
9.707383816195367E-4
9.72626734164174E-4
9.745099718758176E-4
9.763880508520216E-4
9.782609272452323E-4
9.801285572644761E-4
9.819908971770504E-4
9.838479033102128E-4
9.85699532052873E-4
9.875457398572827E-4
9.893864832407281E-4
9.912217187872214E-4
9.930514031491929E-4
9.948754930491827E-4
9.966939452815324E-4
9.98506716714078E-4
0.00100031376428984
0.0010021150450287165
0.001003910516029172
0.00100570013446993
0.0010074838576116607
0.001009261642798672
0.0010110334474605967
0.0010127992291140803
0.001014558945364468
0.0010163125539074894
0.0010180600125309436
0.001019801279116382
0.0010215363116407895
0.0010232650681782666
0.0010249875069017061
0.001026703586084472
0.0010284132641020741
0.0010301164994338423
0.0010318132506645982
0.0010335034764863246
0.001035187135699834
0.0010368641872164346
0.0010385345900595915
0.0010401983033665905
0.0010418552863901945
0.0010435054985003008
0.0010451488991855937
0.0010467854480551958
0.0010484151048403144
0.0010500378293958885
0.0010516535817022294
0.0010532623218666587
0.0010548640101251455
0.0010564586068439377
0.001058046072521191
0.0010596263677885944
0.0010611994534129921
0.0010627652902980007
0.0010643238394856254
0.001065875062157869
0.0010674189196383385
0.0010689553733938485
0.0010704843850360196
0.0010720059163228713
0.0010735199291604133
0.0010750263856042297
0.0010765252478610612
0.0010780164782903804
0.0010795000394059641
0.0010809758938774598
0.001082444004531948
0.0010839043343554991
0.0010853568464947252
0.0010868015042583272
0.0010882382711186367
0.0010896671107131514
0.0010910879868460672
0.0010925008634898026
0.0010939057047865187
0.0010953024750496333
0.00109669113876533
0.0010980716605940594
0.0010994440053720368
0.001100808138112731
0.0011021640240083512
0.0011035116284313223
0.0011048509169357592
0.0011061818552589302
0.001107504409322718
0.0011088185452350695
0.0011101242292914444
0.0011114214279762521
0.001112710107964285
0.0011139902361221425
0.0011152617795096515
0.0011165247053812751
0.0011177789811875184
0.0011190245745763244
0.0011202614533944635
0.0011214895856889165
0.0011227089397082475
0.001123919483903972
0.0011251211869319163
0.0011263140176535683
0.0011274979451374215
0.0011286729386603116
0.0011298389677087425
0.001130996001980208
0.0011321440113845028
0.0011332829660450246
0.0011344128363000709
0.0011355335927041253
0.0011366452060291347
0.0011377476472657804
0.001138840887624738
0.00113992489853793
0.0011409996516597706
0.0011420651188683985
0.0011431212722669037
0.0011441680841845448
0.0011452055271779565
0.0011462335740323466
0.0011472521977626883
0.0011482613716148977
0.001149261069067006
0.0011502512638303204
0.0011512319298505754
0.0011522030413090762
0.0011531645726238298
0.001154116498450669
0.0011550587936843646
0.0011559914334597298
0.001156914393152712
0.0011578276483814771
0.0011587311750074825
0.00115962494913654
0.001160508947119869
0.0011613831455551393
0.0011622475212875027
0.001163102051410616
0.001163946713267652
0.0011647814844523005
0.0011656063428097585
0.0011664212664377108
0.0011672262336872988
0.0011680212231640784
0.001168806213728968
0.0011695811844991855
0.0011703461148491736
0.001171100984411515
0.0011718457730778352
0.001172580460999697
0.0011733050285894799
0.001174019456521252
0.001174723725731628
0.0011754178174206177
0.0011761017130524623
0.0011767753943564582
0.0011774388433277723
0.0011780920422282421
0.001178734973587168
0.0011793676202020897
0.0011799899651395557
0.0011806019917358773
0.0011812036835978721
0.0011817950246035963
0.0011823759989030645
0.001182946590918958
0.00118350678534732
0.001184056567158241
0.0011845959215965294
0.001185124834182373
0.0011856432907119854
0.0011861512772582431
0.0011866487801713078
0.0011871357860792383
0.0011876122818885897
0.001188078254785
0.0011885336922337634
0.0011889785819803943
0.0011894129120511745
0.0011898366707536927
0.0011902498466773669
0.0011906524286939579
0.0011910444059580684
0.00119142576790763
0.0011917965042643774
0.00119215660503431
0.0011925060605081411
0.0011928448612617349
0.001193172998156528
0.001193490462339943
0.0011937972452457843
0.0011940933385946244
0.0011943787343941762
0.001194653424939652
0.0011949174028141113
0.001195170660888793
0.0011954131923234382
0.0011956449905665962
0.0011958660493559207
0.0011960763627184509
0.0011962759249708817
0.0011964647307198184
0.0011966427748620202
0.0011968100525846302
0.0011969665593653922
0.001197112290972854
0.0011972472434665586
0.0011973714131972215
0.0011974847968068952
0.0011975873912291213
0.0011976791936890668
0.0011977602017036518
0.001197830413081659
0.0011978898259238336
0.0011979384386229695
0.001197976249863981
0.0011980032586239614
0.001198019464172231
